101
102
103
104
105
106
107
108
109
110
111
113
114
115
116
117
118
119
120
121
122
123
124
125
126
127
128
129
130
131
132
133
134
135
136
137
138
139
140
141
142
143
144
145
146
147
148
149
150
151
152
153
154
155
156
157
158
159
160
161
162
163
164
165
166
167
168
169
170
171
172
185
186
187
188
189
190
191
203
204
205
206
207
208
213
219
220
221
222
223
225
226
227
228
239
240
241
242
243
244
245
246
247
254
255
256
257
258
259
271
272
273
274
275
276
277
278
287
288
289
290
291
292
293
294
302
303
304
305
306
307
